function [ A ] = readin( n )
%liest Matrix Nummer n ein

if n==1
    % Beispiel 1 aus J. Majumdar , A.K. Bhunia
    for i=1:1
    A=[100 4.5 3.25 2.75 4 3.25 1.25 2 3.75 5 2.75 3.5 2.25 3.5 3;...
        2.75 100 4 1.5 3.25 2.5 4.25 3.5 2.25 3.5 4.75 4.75 1.25 1.25 4.75;...
        1.25 2 100  5 3.75 2.5 2.25 1.5 3.5 2.25 1.5 2.5 3 5 2.5;...
        2.75 4.25 4.25 100  1.25 1.5 4.75 4 5 1.25 3.5 3.25 4 5 3;...
        2 2 3.5 4.5 100  2 1.5 2 2.75 1.25 1.25 2.5 2 4.75 1.5;...
        3.5 3.75 3.75 3 1.25 100  4.75 1.75 3.5 2.75 2.25 1.75 2.25 3.75 2.75;...
        1.25 5 2 4.5 2.75 5 100 2.5 4 3.25 3.25 3.25 2.25 4 1.25;...
        2.25 4 2.5 3 4.5 5 4.5 100  3.25 3.5 2.75 1.25 3.5 4 3.75;...
        3.75 3.5 4.25 4.75 4.5 1.75 1.75 1.5 100 2.5 4 3.75 1.5 1.25 1.25;...
        3.25 2.25 2.5 3.75 3.25 1.75 2.5 4.5 2.5 100  2 2.5 1.75 1.25 4.75;...
        1.75 3 4.75 4.25 4.75 5 4.25 4.25 2.25 3 100  4.5 4.25 5 2.75;...
        1.5 3.25 3.25 4.5 2.75 2 3.75 1.5 1.5 1.75 3.75 100  2.75 4.75 2;...
        3 3.75 1.75 4.75 2.75 2.25 4.25 3.75 1.5 1.5 3 3.5 100  2.5 4.75;...
        4 2 3.5 3.5 2.5 4 4.5 3.75 5 3.75 4. 2.5 5 100  1.75;...
        3.5 1.25 5 1.75 3.5 3.25 2.5 1.25 5 2 4.75 1.75 4.5 4.5 100 ];
    end
elseif n==2
    % Bayern Reise
    for i=1:1
    A = [ 0, 107, 241, 190, 124,  80, 316,  76, 152, 157, 283, 133, 113, 297, 228, 129, 348, 276, 188, 150,  65, 341, 184,  67, 221, 169, 108,  45, 167;...
        107,   0, 148, 137,  88, 127, 336, 183, 134,  95, 254, 180, 101, 234, 175, 176, 265, 199, 182,  67,  42, 278, 271, 146, 251, 105, 191, 139,  79;...
        241, 148,   0, 374, 171, 259, 509, 317, 217, 232, 491, 312, 280, 391, 412, 349, 422, 356, 355, 204, 182, 435, 417, 292, 424, 116, 337, 273,  77;...
        190, 137, 374,   0, 202, 234, 222, 192, 248,  42, 117, 287,  79, 107,  38, 121, 152,  86,  68,  70, 137, 151, 239, 135, 137, 242, 165, 228, 205;...
        124,  88, 171, 202,   0,  61, 392, 202,  46, 160, 319, 112, 163, 322, 240, 232, 314, 287, 238, 155,  65, 366, 300, 175, 307,  57, 220, 121,  97;...
        80, 127, 259, 234,  61,   0, 386, 141,  72, 167, 351,  55, 157, 331, 272, 226, 362, 296, 232, 164,  85, 375, 249, 147, 301, 118, 188,  60, 185;...
        316, 336, 509, 222, 392, 386,   0, 233, 438, 254, 202, 439, 235, 254, 210, 187, 313, 266, 154, 282, 321, 298, 168, 249,  95, 437, 190, 314, 435;...
        76, 183, 317, 192, 202, 141, 233,   0, 213, 188, 272, 193, 131, 302, 233,  98, 344, 289, 177, 216, 141, 346, 108,  57, 190, 245,  43,  81, 243;...
        152, 134, 217, 248,  46,  72, 438, 213,   0, 206, 365,  89, 209, 368, 286, 278, 360, 333, 284, 201, 111, 412, 321, 221, 353,  72, 266, 132, 111;...
        157,  95, 232,  42, 160, 167, 254, 188, 206,   0, 159, 220,  57, 149,  80, 132, 193, 127, 100,  28,  95, 193, 241, 131, 169, 200, 161, 189, 163;...
        283, 254, 491, 117, 319, 351, 202, 272, 365, 159,   0, 404, 176, 106,  79, 161, 165, 141,  95, 187, 254, 103, 279, 215, 117, 359, 216, 308, 322;...
        133, 180, 312, 287, 112,  55, 439, 193,  89, 220, 404,   0, 210, 384, 325, 279, 415, 349, 285, 217, 138, 428, 310, 200, 354, 169, 241, 112, 238;...
        113, 101, 280,  79, 163, 157, 235, 131, 209,  57, 176, 210,   0, 186, 117,  75, 231, 165,  81,  85,  92, 230, 184,  74, 150, 208, 104, 158, 206;...
        297, 234, 391, 107, 322, 331, 254, 302, 368, 149, 106, 384, 186,   0,  69, 191,  59,  35, 125, 167, 255,  44, 309, 245, 169, 327, 246, 335, 288;...
        228, 175, 412,  38, 240, 272, 210, 233, 286,  80,  79, 325, 117,  69,   0, 122, 122,  56,  56, 108, 175, 113, 240, 176, 125, 280, 177, 266, 243;...
        129, 176, 349, 121, 232, 226, 187,  98, 278, 132, 161, 279,  75, 191, 122,   0, 244, 178,  66, 160, 161, 235, 118,  62,  92, 277,  55, 155, 275;...
        348, 265, 422, 152, 314, 362, 313, 344, 360, 193, 165, 415, 231,  59, 122, 244,   0,  66, 178, 198, 286,  77, 362, 287, 228, 358, 299, 380, 319;...
        276, 199, 356,  86, 287, 296, 266, 289, 333, 127, 141, 349, 165,  35,  56, 178,  66,   0, 112, 132, 220,  79, 296, 232, 181, 292, 233, 314, 253;...
        188, 182, 355,  68, 238, 232, 154, 177, 284, 100,  95, 285,  81, 125,  56,  66, 178, 112,   0, 128, 167, 169, 179, 120,  69, 283, 121, 213, 281;...
        150,  67, 204,  70, 155, 164, 282, 216, 201,  28, 187, 217,  85, 167, 108, 160, 198, 132, 128,   0,  88, 211, 269, 159, 197, 172, 189, 182, 135;...
        65,  42, 182, 137,  65,  85, 321, 141, 111,  95, 254, 138,  92, 255, 175, 161, 286, 220, 167,  88,   0, 299, 229, 104, 236, 110, 149,  97, 108;...
        341, 278, 435, 151, 366, 375, 298, 346, 412, 193, 103, 428, 230,  44, 113, 235,  77,  79, 169, 211, 299,   0, 353, 289, 213, 371, 290, 379, 332;...
        184, 271, 417, 239, 300, 249, 168, 108, 321, 241, 279, 310, 184, 309, 240, 118, 362, 296, 179, 269, 229, 353,   0, 121, 162, 345,  80, 189, 342;...
        67, 146, 292, 135, 175, 147, 249,  57, 221, 131, 215, 200,  74, 245, 176,  62, 287, 232, 120, 159, 104, 289, 121,   0, 154, 220,  41,  93, 218;...
        221, 251, 424, 137, 307, 301,  95, 190, 353, 169, 117, 354, 150, 169, 125,  92, 228, 181,  69, 197, 236, 213, 162, 154,   0, 352, 147, 247, 350;...
        169, 105, 116, 242,  57, 118, 437, 245,  72, 200, 359, 169, 208, 327, 280, 277, 358, 292, 283, 172, 110, 371, 345, 220, 352,   0, 265, 178,  39;...
        108, 191, 337, 165, 220, 188, 190,  43, 266, 161, 216, 241, 104, 246, 177,  55, 299, 233, 121, 189, 149, 290,  80,  41, 147, 265,   0, 124, 263;...
        45, 139, 273, 228, 121,  60, 314,  81, 132, 189, 308, 112, 158, 335, 266, 155, 380, 314, 213, 182,  97, 379, 189,  93, 247, 178, 124,   0, 199;...
        167,  79,  77, 205,  97, 185, 435, 243, 111, 163, 322, 238, 206, 288, 243, 275, 319, 253, 281, 135, 108, 332, 342, 218, 350,  39, 263, 199,   0 ];
    end
elseif n==3
    % Beispiel 1 aus J. Majumdar , A.K. Bhunia als symmetrische Matrix
    for i=1:1
         B=[-2 4.5 3.25 2.75 4 3.25 1.25 2 3.75 5 2.75 3.5 2.25 3.5 3;...
        2.75 -2 4 1.5 3.25 2.5 4.25 3.5 2.25 3.5 4.75 4.75 1.25 1.25 4.75;...
        1.25 2 -2  5 3.75 2.5 2.25 1.5 3.5 2.25 1.5 2.5 3 5 2.5;...
        2.75 4.25 4.25 -2  1.25 1.5 4.75 4 5 1.25 3.5 3.25 4 5 3;...
        2 2 3.5 4.5 -2  2 1.5 2 2.75 1.25 1.25 2.5 2 4.75 1.5;...
        3.5 3.75 3.75 3 1.25 -2  4.75 1.75 3.5 2.75 2.25 1.75 2.25 3.75 2.75;...
        1.25 5 2 4.5 2.75 5 -2 2.5 4 3.25 3.25 3.25 2.25 4 1.25;...
        2.25 4 2.5 3 4.5 5 4.5 -2  3.25 3.5 2.75 1.25 3.5 4 3.75;...
        3.75 3.5 4.25 4.75 4.5 1.75 1.75 1.5 -2 2.5 4 3.75 1.5 1.25 1.25;...
        3.25 2.25 2.5 3.75 3.25 1.75 2.5 4.5 2.5 -2  2 2.5 1.75 1.25 4.75;...
        1.75 3 4.75 4.25 4.75 5 4.25 4.25 2.25 3 -2  4.5 4.25 5 2.75;...
        1.5 3.25 3.25 4.5 2.75 2 3.75 1.5 1.5 1.75 3.75 -2  2.75 4.75 2;...
        3 3.75 1.75 4.75 2.75 2.25 4.25 3.75 1.5 1.5 3 3.5 -2  2.5 4.75;...
        4 2 3.5 3.5 2.5 4 4.5 3.75 5 3.75 4. 2.5 5 -2  1.75;...
        3.5 1.25 5 1.75 3.5 3.25 2.5 1.25 5 2 4.75 1.75 4.5 4.5 -2 ];
    
    
    A=[ones(size(B))*100,B;B',ones(size(B))*100];
    end
elseif n==4
    % Beispiel 2 aus J. Majumdar , A.K. Bhunia
    for i=1:1
A=  [ 0 5.50 3.75 3.75 5.00 4.00 2.25 2.50 4.50 6.00 3.50 4.50 3.25 4.00 3.25;
3.00 0 4.25 2.25 3.75 2.75 4.75 4.00 3.25 4.25 5.00 5.75 2.00 2.25 5.75;
1.50 2.25 0 5.75 4.75 3.25 2.50 1.75 4.00 3.25 2.50 3.50 3.50 5.25 3.25;
3.75 4.50 4.75 0 2.25 1.75 5.25 4.50 5.25 1.75 3.75 3.50 4.25 6.00 3.25;
2.50 3.00 4.25 5.00 0 3.00 1.75 3.00 3.50 2.00 1.75 2.75 2.75 5.75 1.75;
4.50 4.25 4.00 4.00 2.25 0 5.00 2.75 4.00 3.50 2.50 2.50 2.50 4.00 3.00;
1.50 5.75 2.50 5.25 3.00 5.50 0 2.75 4.75 3.50 3.50 4.25 3.25 4.25 2.25;
3.00 4.75 2.75 4.00 4.75 5.25 4.75 0 3.50 3.75 3.00 1.50 4.00 4.25 4.25;
4.00 4.00 4.50 5.00 5.00 2.75 2.75 2.00 0 3.25 4.25 4.50 2.25 1.75 2.00;
3.50 3.25 2.75 4.75 3.75 2.00 3.25 5.50 2.75 0 2.25 2.75 2.25 1.50 5.00;
2.50 4.00 5.00 4.75 5.75 5.75 5.25 4.75 2.75 4.00 0 5.00 4.50 5.25 3.50;
2.00 3.75 3.75 5.00 3.25 2.50 4.50 2.25 2.25 2.00 4.50 0 3.50 5.75 2.50;
3.25 4.75 2.00 5.25 3.75 2.75 5.00 4.00 2.25 2.00 3.50 4.50 0 3.50 5.25;
4.50 2.75 3.75 4.00 3.25 4.50 5.50 4.25 5.75 4.00 5.50 3.25 6.00 0 2.50;
4.00 2.00 5.25 2.00 4.25 4.25 2.75 2.25 5.50 3.00 5.00 2.25 4.75 5.25 0];
    end
elseif n==5
    % ft53 (6905)
    for i=1:1
      A=[9999999     223     210     125     245     363     322     388     290     341     267     281     258     247     302 ...
      325     311     276     392     475     417     324     372     437     610     310     362     333     498     459 ...
      467     352     199     336     305     172     143     273     292     364     262     296     435     423     433 ...
      354     509     472     238     185     357     420     344;...
       58 9999999     179     100     287     155     116     170      74     137     239     260     234     221     282 ...
      294     286     251     434     512     409     367     406     410     598     354     353     371     451     490 ...
      510     389     244     313     291     210     185     318     329     402     297      81     241     215     292 ...
      308     301     262     207     159     300     214     314;...
       60     109 9999999      80     295     246     209     270     174     225     227     179     221     212     262 ...
      131     117      79     382     431     263     309     321     235     452     355     338     324     497     449 ...
      360     243     251     140     272     223     189     259     337     388     308     174     340     309     382 ...
      396     393     355     198     141     201     302     190; ...
       58     115      98 9999999     285     255     215     279     178     232     154     176     157     136     194 ...
      219     207     170     429     516     326     366     411     323     517     344     270     368     541     498 ...
      446     323     244     225     203     214     183     314     278     403     301     183     352     311     391 ...
      341     410     367     130      76     247     312     236; ...
       93      58      63      90 9999999     194     160     210     117     174     238     235     231     224     280 ...
      175     171     133     281     267     221     248     139     286     415      82     136     135     309     264 ...
      341     293     231     189      75     253     219     306     360     351     340     123     277     248     288 ...
      323     305     256     155     155     152     248     146; ...
      531     593     584     499     765 9999999     344     405     309     360     631     654     632     622     679 ...
      697     685     647     909     992     807     847     887     809     999     789     750     848     763     716 ...
      763     643     724     539     682     687     664     788     762     881     781     669     832     796     824 ...
      825     885     838      90     140     164      70     296; ...
      417     484     469     384     651      55 9999999     257     190     180     519     547     524     506     563 ...
      586     573     533     803     875     693     733     777     692     888     607     577     662     585     539 ...
      575     454     611     361     561     581     543     682     645     769     666     546     577     565     493 ...
      662     653     700     123     177     201     112     343; ...
      466     521     506     427     693      86     111 9999999     236     275     566     585     505     546     552 ...
      621     618     574     804     863     594     495     733     735     790     695     673     660     675     627 ...
      674     556     654     453     615     614     587     685     634     715     707     591     673     659     589 ...
      690     749     771     154     209     228     147     371; ...
      243     309     285     205     468      92      54     111 9999999      69     342     366     345     326     385 ...
      406     391     350     619     705     510     552     599     511     707     501     451     558     472     425 ...
      471     346     432     253     394     393     373     500     468     588     491     369     532     501     535 ...
      534     591     549     160     210     233     147     376; ...
      262     321     302     222     491      81      68      99      32 9999999     359     386     357     340     400 ...
      424     409     371     639     714     536     569     611     528     728     448     415     504     424     376 ...
      412     296     450     196     407     419     386     521     488     605     503     389     554     521     554 ...
      550     614     568     151     204     228     137     359; ...
      361     416     404     317     435     522     512     544     471     449 9999999     194     179     327     228 ...
      441     438     392     480     560     357     401     554     557     549     502     453     418     596     544 ...
      655     532     383     455     396     352     319     359     313     475     437     352     453     467     453 ...
      373     527     531      78     135     308     392     291; ...
      182     241     229     134     411     376     341     402     302     314     114 9999999     195     184     246 ...
      304     288     258     499     583     376     420     494     411     568     395     315     433     612     564 ...
      511     413     364     311     250     333     305     375     322     493     425     306     469     435     466 ...
      385     531     481     180     202     333     425     319; ...
      271     305     315     224     271     354     341     374     301     283     110     105 9999999     164      60 ...
      276     263     233     313     400     186     241     395     389     387     336     283     255     424     378 ...
      486     361     220     290     224     179     154     197     138     308     273     182     290     308     285 ...
      203     363     362     179     231     311     399     293; ...
      216     277     259     176     281     209     199     227     155     140      35      54      24 9999999      77 ...
      132     125      79     331     411     204     253     329     246     400     225     147     265     443     397 ...
      346     239     229     140      80     193     163     211     157     322     288     200     296     320     295 ...
      215     374     380      94     148     163     255     151; ...
      275     338     327     242     344     300     293     331     256     241     122     119      99     111 9999999 ...
      230     220     181     400     479     144     197     371     340     337     327     242     204     384     334 ...
      446     347     295     238     176     265     235     275     223     262     352     140     303     270     346 ...
      286     363     315     189     242     261     352     252; ...
      369     329     451     411     404     405     367     422     324     378     345     393     514     539     561 ...
  9999999     329     297     264     313     405     312     528     446     596     407     358     316     380     448 ...
      557     432     286     353     460     163     226     141     278     276     244     379     425     443     412 ...
      335     494     538      86     146      89     188      75; ...
      246     305     286     204     416     353     317     374     276     331     181      75     266     252     307 ...
       24 9999999     310     275     324     158     207     225     136     356     337     270     221     398     348 ...
      471     348     204     368     315     177     238     151     288     279     260     143     307     267     356 ...
      351     362     316      99     160     103     199      94; ...
      278     343     325     243     450     390     353     417     315     367     215     115     301     293     349 ...
       65      48 9999999     308     365     195     243     261     175     388     381     292     260     430     392 ...
      292     170     237      79     358     217     274     193     327     318     294     184     346     312     394 ...
      384     405     355     138     192     141     228     127; ...
      118      85     249     161     356     148     113     176      78     128     250     149     299     284     345 ...
       70      86      44 9999999      90     226     277     293     204     425     180     241     241     162     363 ...
      330     210     271     109     355     227     245     198     337     344     306     146     307     275     359 ...
      379     368     327     146     202     154     216     140; ...
      134      93     266     176     364     172     137     191      90     153     255     155     317     301     363 ...
       93      81      62      31 9999999     227     276     291     207     418     102     160     162      82     291 ...
      341     227     279     118     370     242     261     216     351     351     322     169     325     294     374 ...
      392     390     338     157     203     151     225     142; ...
      306     367     350     263     371     212     171     229     139     186     238     142     322     312     365 ...
      412     417     378     356     371 9999999      64     239     275     207     196     121      84     252     204 ...
      558     432     285     370     375     226     223     227     248     138     265     351     377     413     389 ...
      304     409     368     285     285     330     268     310; ...
      376     460     449     354     466     305     266     323     227     282     336     230     416     408     462 ...
      448     448     424     389     372     115 9999999     250     262     307     291     225     171     350     306 ...
      600     483     332     468     472     322     322     327     342     231     361     429     383     426     401 ...
      407     415     372     356     306     421     370     410; ...
      136     225     336     245     369     292     264     314     221     277     328     231     387     368     428 ...
      221     210     191     160     145     101     122 9999999     251     300     235     212     168     211     299 ...
      472     353     318     248     239     296     266     314     333     230     351     199     149     187     173 ...
      203     182     141     121      72     239     339     236; ...
      223     307     374     280     399     233     198     252     158     213     256     160     343     332     388 ...
      303     298     273     247     226      36      87      96 9999999     233     217     147     100     270     227 ...
      350     236      84     331     328     242     246     253     264     165     288     280     238     269     255 ...
      291     268     217     207     156     332     293     320; ...
      183     267     381     290     407     296     267     319     223     276     329     226     411     402     460 ...
      256     251     230     200     185     103      92      61      81 9999999     270     219     173     254     297 ...
      420     302     153     288     278     316     303     319     339     226     352     241     195     232     208 ...
      245     226     181     171     117     289     363     272; ...
      598     658     641     559     823     621     644     551     718     780     695     718     695     682     739 ...
      689     678     707     946     998     734     782     890     806     924 9999999      71      72     244     195 ...
      729     609     789     715     750     756     721     819     819     857     838     727     689     726     716 ...
      744     718     675     315     368     321     407     309; ...
      536     605     586     502     765     567     585     494     669     719     635     657     639     627     680 ...
      630     622     652     887     942     766     819     831     748     960     105 9999999     158     334     284 ...
      811     700     726     709     690     692     660     762     768     882     780     666     779     803     799 ...
      827     813     768     399     460     404     499     396;
      581     646     628     543     812     611     638     542     710     767     687     701     682     673     724 ...
      675     664     698     925     982     675     727     871     789     866     135      61 9999999     184     141 ...
      669     547     771     651     722     737     713     809     808     801     833     682     637     677     650 ...
      688     665     620     257     312     259     348     246;
      620     677     670     581     853     647     655     579     624     677     717     620     716     702     761 ...
      718     701     734     835     853     498     547     725     763     696      36      99      98 9999999     218 ...
      500     375     773     479     775     618     711     711     734     621     714     751     713     752     733 ...
      768     743     701      86     138      91     182      80;
      586     647     632     545     821     614     634     547     663     716     692     668     681     674     735 ...
      681     672     698     880     896     547     598     773     791     741      85      67     138      63 9999999 ...
      546     429     780     522     736     662     714     763     778     669     757     715     762     800     781 ...
      815     796     752     132     184     135     224     119;
      500     712     702     613     737     847     812     871     776     829     756     770     747     737     792 ...
      812     803     764     879     958     908     814     861     925    1103     797     782     822     987     943 ...
  9999999     653     691     559     793     659     628     764     774     849     753     784     927     911     917 ...
      838     998     963     724     677     843     911     833;
      619     720     707     621     850     685     705     614     723     772     764     725     756     746     807 ...
      758     739     766     883     862     596     502     740     747     791     220     134     281     447     407 ...
      136 9999999     485     118     815     775     752     815     830     717     853     673     700     620     795 ...
      721     778     815     520     573     528     621     514;
      768     870     853     766    1000     831     853     762     872     923     905     870     910     892     956 ...
      904     893     916    1032    1015     742     648     884     901     936     369     279     431     598     551 ...
      285     166 9999999     262     964     931     898     966     983     866    1000     819     854     775     946 ...
      870     926     964     669     725     676     766     664;
      722     816     801     722     951     786     805     710     820     873     860     820     859     848     901 ...
      858     847     875     978     959     702     600     837     852     894     322     232     376     554     510 ...
      235     119     381 9999999     915     879     852     912     931     825     950     773     797     722     902 ...
      821     871     923     625     678     621     712     611;
      730     693     861     768     883     538     493     738     678     664     619     759     779     894     825 ...
      678     689     652     619     706     838     784     898     818    1026     520     435     582     752     705 ...
      274     316     169     394 9999999     642     698     617     755     754     722     756     896     889     889 ...
      815     974     932      95     144      99     188      84;
      341     300     311     337     257     375     338     399     305     361     254     374     427     467     474 ...
      297     306     267     237     315     264     163     384     416     462     291     215     178     349     302 ...
      461     345     194     332     324 9999999     135     116     137     210     109     238     275     296     272 ...
      199     358     396     124      73     243     335     231;
      371     325     341     374     292     403     360     425     331     382     139     312     308     451     352 ...
      323     335     303     266     345     297     195     413     442     485     315     246     204     373     333 ...
      341     222      81     329     351      48 9999999     142     158     231     133     260     307     322     301 ...
      226     386     423     152     102     271     366     264;
      247     200     330     286     276     274     236     300     203     257     218     273     383     410     434 ...
      192     207     168     139     218     282     179     395     324     472     303     231     185     280     321 ...
      428     309     157     230     334      40      93 9999999     154     158     120     254     293     311     291 ...
      216     367     408     148      98     269     337     261;
      225     179     195     223     140     320     280     337     249     301     147     321     321     346     367 ...
      250     264     221     188     268     301     214     265     382     499     203     265     214     337     345 ...
      361     241      88     277     202      61      23      67 9999999     207     147     117     157     174     152 ...
       76     238     271     168     116     279     371     268;
      331     288     305     330     253     178     139     379     292     304     221     360     395     459     433 ...
      289     301     261     227     311     304     206     374     415     491     311     255     215     370     335 ...
      433     315     166     317     315      96      98     110     125 9999999     144     225     267     285     265 ...
      188     341     383     215     162     329     241     317;
      250     214     223     255     174     287     245     305     209     262     165     283     335     373     385 ...
      211     218     177     152     226     170      79     297     331     365     204     132      85     260     207 ...
      373     256     109     243     234      54      47      26      48     118 9999999     143     188     205     181 ...
      108     260     306     167     116     279     341     271;
      529     587     576     488     738     428     456     355     574     613     548     618     623     605     669 ...
      593     602     569     537     613     494     548     561     477     693     403     454     461     380     590 ...
      556     594     445     628     289     509     566     476     613     616     586 9999999     172     144     227 ...
      241     232     189     257     204     370     466     358;
      412     441     461     373     592     269     287     194     421     448     495     512     509     497     556 ...
      437     447     406     373     454     427     480     490     410     628     339     400     398     322     530 ...
      496     532     381     464     229     360     418     335     464     470     436      61 9999999     107     158 ...
      135      84     131     212     168     309     323     297;
      393     453     440     353     622     347     370     272     497     527     498     519     495     478     544 ...
      516     527     488     452     537     459     515     520     442     659     426     478     475     399     606 ...
      528     560     413     547     261     433     497     410     551     553     515      67      94 9999999     190 ...
      115     163     211     128      74     245     338     239;
      464     520     508     421     648     353     370     275     401     464     505     407     558     546     605 ...
      520     533     489     457     478     282     334     346     262     483     425     398     353     401     479 ...
      343     387     234     464      86     447     497     415     518     408     528      65      98      76 9999999 ...
      181     170     221     161     147     167     260     152;
      296     360     344     258     527     348     375     276     427     477     394     415     398     385     440 ...
      462     449     406     459     534     360     410     430     338     552     422     475     426     398     551 ...
      426     463     315     465     162     442     423     422     526     491     523      50      94     112      94 ...
  9999999     173     213     226     178     240     330     232;
      339     403     387     301     524     359     387     286     443     495     435     462     436     426     479 ...
      443     453     409     377     457     354     412     422     331     554     387     443     420     364     546 ...
      423     456     310     473     160     283     338     264     394     397     369      31     110      29      88 ...
       58 9999999     184     144      97     240     329     221;
      364     426     411     320     564     276     299     211     425     461     379     445     465     453     511 ...
      448     460     423     386     469     314     364     378     295     510     220     278     282     203     410 ...
      383     414     272     478     113     327     383     306     434     443     406      76      26      67      47 ...
       86      61 9999999     177     134     193     294     184;
     1551    1527    1596    1509    1784    1572    1562    1504    1522    1513    1653    1593    1650    1634    1695 ...
     1512    1530    1489    1455    1532    1512    1560    1549    1582    1505    1050    1026    1104    1028     978 ...
     1419    1297    1562    1197    1678    1635    1678    1643    1747    1637    1717    1578    1617    1634    1614 ...
     1534    1693    1672 9999999      73     233     330     224;
     1599    1569    1649    1566    1834    1527    1515    1543    1478    1463    1706    1641    1621    1687    1673 ...
     1571    1578    1543    1504    1585    1548    1530    1496    1520    1458    1102    1078    1154    1079    1027 ...
     1360    1248    1506    1144    1628    1682    1727    1689    1754    1666    1775    1517    1568    1582    1557 ...
     1486    1638    1621      60 9999999     188     274     169;
     1504    1464    1629    1541    1713    1598    1564    1542    1528    1543    1552    1549    1454    1603    1497 ...
     1550    1557    1526    1490    1566    1539    1566    1579    1609    1534    1080    1062    1144    1060    1010 ...
     1192    1071    1343     977    1621    1627    1593    1632    1577    1663    1715    1514    1553    1578    1548 ...
     1477    1627    1670      44     100 9999999     272     159;
     1505    1534    1545    1464    1705    1550    1572    1487    1533    1523    1607    1601    1548    1586    1590 ...
     1532    1543    1503    1470    1547    1519    1573    1563    1549    1517    1057    1045    1120    1040     993 ...
     1280    1168    1432    1060    1366    1462    1581    1563    1584    1648    1551    1255    1302    1319    1298 ...
     1224    1380    1412      24      79     106 9999999     240;
     1520    1472    1612    1526    1722    1589    1574    1517    1528    1520    1559    1558    1466    1616    1513 ...
     1530    1536    1501    1466    1544    1517    1573    1562    1593    1518    1056    1044    1116    1036     992 ...
     1206    1088    1352     986    1469    1571    1607    1642    1595    1643    1658    1362    1411    1429    1401 ...
     1325    1479    1516      21      80      29     118 9999999];
    end
elseif n==6
    % ATT48 (symmetrisch - optimale Lösung=10628)
    for i=1:1
    A=[         0      4727      1205      6363      3657      3130      2414       563       463      5654      1713      1604      2368      2201      1290      1004      3833      2258      3419      2267      2957       720      1700      5279      2578      6076      3465      2654      3625      3115      1574      3951      1748      2142      6755      2383      3306      1029      3530       825      2188      4820      3489      1947      6835      1542      2379     3744 ;
      4727         0      3588      2012      1842      6977      6501      5187      5028      2327      4148      4723      3635      3125      4907      3930      7463      6338      7243      5105      4043      4022      3677      2863      3106      1850      7173      6630      1204      6814      6001      3447      5253      2656      3123      6274      7183      5622      3085      4564      2756      1591      7027      6186      3472      5461      4390      2088;
      1205      3588         0      5163      2458      3678      3071      1742      1444      4462      1184      1520      1498      1103      1501       951      4298      2903      3967      2169      2209       652       828      4136      1518      4873      3954      3254      2446      3581      2441      2960      1966       950      5564      2916      3878      2035      2482      1027      1395      3617      3891      2686      5661      2023      1867      2560;
      6363      2012      5163         0      2799      8064      7727      6878      6581      1402      5366      5946      4679      4378      6225      5709      8417      7578      8296      6135      4802      5707      4982      2322      4178       320      8186      7800      2778      7859      7408      3763      6461      4223      1427      7451      8263      7131      3669      6011      4638      1681      7987      7502      1877      6758      5360      2844;
      3657      1842      2458      2799         0      5330      4946      4200      3824      2012      2573      3157      1924      1580      3427      3179      5749      4793      5577      3409      2223      3066      2185      1860      1401      2491      5486      5035       894      5141      4611      1669      3677      1590      3113      4682      5533      4352      1252      3227      2426      1169      5313      4706      3241      3962      2651       304;
      3130      6977      3678      8064      5330         0       743      3209      2670      6929      2831      2266      3407      3854      2178      4076       727       881       293      1930      3310      3672      3315      6199      3932      7745       365       482      5774       261      1659      4513      1746      4431      7910       769       207      2225      4435      2681      5053      6384       550      1224      7805      1670      2704      5230;
      2414      6501      3071      7727      4946       743         0      2468      1952      6673      2380      1795      3051      3405      1604      3382      1469       168      1020      1681      3110      2993      2827      6009      3552      7412      1104       267      5300       821       916      4348      1270      3890      7698       332       900      1484      4185      2049      4415      6051      1219       482      7635      1054      2432      4884;
       563      5187      1742      6878      4200      3209      2468         0       718      6203      2241      2051      2920      2762      1687      1304      3932      2331      3487      2669      3487      1175      2260      5840      3141      6596      3563      2728      4120      3240      1559      4507      2082      2658      7304      2512      3364       985      4091      1319      2544      5358      3632      1987      7391      1785      2879      4296;
       463      5028      1444      6581      3824      2670      1952       718         0      5789      1602      1343      2330      2291       970      1451      3376      1796      2959      1951      2835      1112      1725      5346      2628      6285      3007      2193      3889      2661      1122      3920      1372      2391      6883      1927      2845       611      3543       676      2590      4993      3039      1486      6934      1112      2196      3876;
      5654      2327      4462      1402      2012      6929      6673      6203      5789         0      4392      4947      3648      3501      5274      5183      7216      6535      7140      5022      3621      5077      4090       922      3207      1131      7014      6714      2437      6707      6477      2476      5432      3599      1102      6376      7121      6284      2497      5160      4318       937      6795      6507      1268      5773      4249      1914;
      1713      4148      1184      5366      2573      2831      2380      2241      1602      4392         0       586       766      1029       883      2040      3353      2224      3100      1049      1246      1625       503      3841      1196      5054      3042      2488      2945      2676      2087      2331      1114      1650      5459      2132      3037      1958      1997       931      2513      3701      2923      2137      5459      1394       711      2534;
      1604      4723      1520      5946      3157      2266      1795      2051      1343      4947       586         0      1299      1612       406      2208      2824      1639      2542       694      1586      1767      1050      4357      1770      5633      2498      1907      3520      2128      1558      2778       531      2171      6003      1552      2472      1538      2506       791      2912      4277      2403      1564      5983       827       892      3109;
      2368      3635      1498      4679      1924      3407      3051      2920      2330      3648       766      1299         0       646      1642      2446      3840      2905      3655      1488       730      2096       697      3076       533      4363      3567      3122      2453      3219      2842      1592      1791      1480      4706      2772      3610      2721      1232      1656      2550      3001      3403      2860      4697      2126       756      1836;
      2201      3125      1103      4378      1580      3854      3405      2762      2291      3501      1029      1612       646         0      1853      2026      4349      3247      4119      1997      1341      1753       606      3078       419      4070      4052      3517      1923      3690      3032      1866      2142       838      4593      3161      4060      2788      1380      1663      1932      2736      3915      3138      4647      2395      1351      1592;
      1290      4907      1501      6225      3427      2178      1604      1687       970      5274       883       406      1642      1853         0      2029      2803      1438      2466       986      1987      1593      1253      4716      2072      5915      2454      1764      3710      2082      1204      3164       497      2287      6342      1419      2379      1134      2867       554      2885      4569      2405      1289      6338       555      1297      3406;
